32 32
0 0 50360740 50360740 50744455 50744455 50360740 50360740 50360740 50360740 50365630 50360740 50365630 50360740 0 0 0 0 50360740 50360740 50360740 50365630 50360740 50360740 50365630 50365630 50360740 50360740 50360740 50360740 0 0 
0 0 50360740 50360740 50744455 50744455 50365630 50360740 50365630 50360740 50360740 50360740 50360740 50360740 0 0 0 0 50360740 50360740 50360740 50360740 50360740 50360740 50360740 50365630 50360740 50360740 50360740 50360740 0 0 
62717183 62717183 0 0 62717183 62717183 50365630 50744455 50360740 50360740 0 0 50365630 50365630 62717183 62717183 62717183 62717183 0 0 62717183 62717183 50365630 50365630 50360740 50360740 0 0 50744455 50744455 62717183 62717183 
62717183 62717183 0 0 62717183 62717183 50744455 50744455 50360740 50360740 0 0 50365630 50365630 62717183 62717183 62717183 62717183 0 0 62717183 62717183 50360740 50360740 50365630 50360740 0 0 50744455 50744455 62717183 62717183 
50360740 50360740 62717183 62717183 50744455 50744455 50365630 50360740 50360740 50360740 0 0 0 0 0 0 0 0 0 0 0 0 50360740 50360740 50360740 50360740 50360740 50360740 62717183 62717183 50744455 50744455 
50360740 50360740 62717183 62717183 50744455 50744455 50360740 50360740 50360740 50360740 0 0 0 0 0 0 0 0 0 0 0 0 50365630 50360740 50360740 50360740 50360740 50360740 62717183 62717183 50744455 50744455 
50744455 50744455 50360740 50360740 50360740 50360740 0 0 0 0 0 0 0 0 0 0 0 0 0 0 0 0 0 0 0 0 50365630 50360740 50744455 50744455 50360740 50360740 
50744455 50744455 50360740 50365630 50365630 50360740 0 0 0 0 0 0 0 0 0 0 0 0 0 0 0 0 0 0 0 0 50360740 50365630 50744455 50744455 50360740 50360740 
62717183 62717183 50365630 50744455 50365630 50360740 0 0 0 0 0 0 0 0 0 0 0 0 0 0 0 0 0 0 0 0 50360740 50365630 50365630 50365630 50744455 50744455 
50365630 62717183 50744455 50744455 50360740 50360740 0 0 0 0 0 0 0 0 0 0 0 0 0 0 0 0 0 0 0 0 50360740 50360740 50365630 50365630 50365630 50365630 
50744455 50744455 50365630 50360740 0 0 0 0 0 0 0 0 0 0 0 0 0 0 0 0 0 0 0 0 0 0 0 0 50360740 50365630 50360740 50360740 
50744455 50744455 50360740 50360740 0 0 0 0 0 0 0 0 0 0 0 0 0 0 0 0 0 0 0 0 0 0 0 0 50365630 50360740 50360740 50360740 
50360740 50360740 50360740 50360740 0 0 0 0 0 0 0 0 0 0 0 0 0 0 0 0 0 0 0 0 0 0 0 0 0 0 0 0 
50360740 50360740 50360740 50360740 0 0 0 0 0 0 0 0 0 0 0 0 0 0 0 0 0 0 0 0 0 0 0 0 0 0 0 0 
0 0 0 0 0 0 0 0 0 0 0 0 0 0 0 0 0 0 0 0 0 0 0 0 0 0 0 0 50365630 50365630 0 0 
0 0 0 0 0 0 0 0 0 0 0 0 0 0 0 0 0 0 0 0 0 0 0 0 0 0 0 0 50360740 50360740 0 0 
0 57997311 57997311 57997311 0 0 0 0 0 0 0 0 0 0 0 0 0 0 0 0 0 0 0 0 0 0 0 0 50365630 50360740 0 0 
0 0 57997311 57997311 0 0 0 0 0 0 0 0 0 0 0 0 0 0 0 0 0 0 0 0 0 0 0 0 50360740 50365630 0 0 
60291069 60291069 0 0 0 0 0 0 0 0 0 0 0 0 0 0 0 0 0 0 0 0 0 0 0 0 0 0 50360740 50360740 57997311 57997311 
60291069 60291069 0 0 0 0 0 0 0 0 0 0 0 0 0 0 0 0 0 0 0 0 0 0 0 0 0 0 50360740 50360740 57997311 57997311 
50365630 50365630 62717183 62717183 0 0 0 0 0 0 0 0 0 0 0 0 0 0 0 0 0 0 0 0 0 0 0 0 57997311 57997311 50744455 50744455 
50365630 50365630 62717183 62717183 0 0 0 0 0 0 0 0 0 0 0 0 0 0 0 0 0 0 0 0 0 0 0 0 57997311 57997311 50744455 50744455 
50744455 50744455 50365630 50365630 0 0 0 0 0 0 0 0 0 0 0 0 0 0 0 0 0 0 0 0 0 0 0 0 50744455 50744455 50365630 50365630 
50744455 50744455 50365630 50365630 0 0 0 0 0 0 0 0 0 0 0 0 0 0 0 0 0 0 0 0 0 0 0 0 50744455 50744455 50365630 50365630 
62717183 50360740 50744455 50744455 0 0 0 0 0 0 0 0 0 0 0 0 0 0 0 0 0 0 0 0 0 0 0 0 50365630 50365630 50557327 50557327 
62717183 62717183 50360740 50744455 0 0 0 0 0 0 0 0 0 0 0 0 0 0 0 0 0 0 0 0 0 0 0 0 50365630 50365630 50557327 50557327 
50744455 50744455 50365630 50365630 0 0 0 0 0 0 51102944 51102944 0 0 51102944 51102944 0 0 51102944 51102944 0 0 51102944 51102944 0 0 0 0 50365630 50365630 50365630 50365630 
50744455 50360740 50365630 50365630 0 0 0 0 0 0 51102944 51102944 0 0 51102944 51102944 0 50666763 51102944 51102944 0 0 51102944 51102944 0 0 0 0 50365630 50365630 50365630 50365630 
50365630 50365630 50365630 50360740 50365630 50365630 0 0 51102944 51102944 50365630 0 51102944 51102944 0 0 51102944 51102944 0 0 51102944 51102944 0 0 50568648 50568648 59894265 59894265 0 0 0 0 
50365630 50365630 50365630 50360740 50365630 50365630 0 0 51102944 51102944 0 0 51102944 51102944 0 0 51102944 51102944 0 0 51102944 51102944 0 0 50568648 50568648 59894265 59894265 0 0 0 0 
0 0 0 0 50365630 50360740 50365630 50365630 0 0 50568648 50568648 0 0 50568648 50568648 0 0 50568648 50568648 0 0 50568648 51102944 0 0 50365630 50365630 59894265 59894265 0 0 
0 0 0 0 50365630 50365630 50365630 50365630 0 0 50568648 50568648 0 0 50568648 50568648 0 0 50568648 50568648 0 0 50568648 50568648 0 0 50365630 50365630 59894265 59894265 0 0 
